n=54
P=9
s=8
A
57 16 94 51 2 12 5 61 14 27 56 79 68 61 65 33 15 17 61 91 12 91 22 22 86 40 49 93 24 74 17 4 71 2 92 88 54 7 21 19 20 85 40 3 26 99 67 82 64 24 65 32 34 12 
29 96 76 59 73 58 74 10 32 2 40 49 31 74 2 94 72 66 8 81 5 17 25 11 61 49 50 64 76 0 77 7 61 34 47 0 76 6 36 9 66 96 75 72 66 26 26 90 62 79 4 81 95 45 
5 19 46 71 99 26 44 71 91 20 97 15 64 20 62 43 56 84 88 59 39 42 5 82 75 34 18 1 74 22 7 32 75 1 75 87 64 25 35 14 20 56 87 19 57 35 15 64 0 98 49 46 38 96 
85 59 44 2 93 29 55 23 11 32 27 12 60 98 85 63 16 27 42 10 48 67 59 52 72 84 96 11 59 77 70 30 0 21 22 27 19 39 43 22 45 18 51 28 68 40 70 22 71 7 36 22 11 83 
78 92 52 85 99 72 75 90 89 32 80 65 79 32 51 70 58 17 20 98 50 66 81 76 94 35 76 87 35 65 46 82 82 40 27 10 37 79 72 30 5 5 4 1 62 85 30 46 4 93 87 44 61 17 
40 94 79 78 56 85 69 10 34 89 18 17 17 90 55 86 15 28 71 74 84 50 61 19 76 24 64 58 29 5 78 65 92 47 68 83 9 46 78 17 66 20 8 66 58 19 32 89 8 90 7 39 40 53 
12 64 36 28 40 95 51 95 92 62 27 79 8 45 5 23 85 50 39 89 19 18 50 68 25 2 59 28 33 52 24 64 11 54 91 89 14 94 10 47 8 37 90 97 12 73 47 54 82 38 73 51 2 88 
38 13 57 55 67 23 65 41 92 97 55 29 49 84 24 93 35 82 54 21 84 42 73 55 63 1 14 88 32 0 22 77 64 66 44 95 68 58 63 73 5 70 4 31 37 4 4 97 25 22 48 50 82 33 
17 55 65 58 40 4 27 4 4 9 94 87 83 3 16 94 50 97 14 73 21 46 16 73 80 49 12 8 68 85 12 79 65 76 86 79 96 6 95 56 46 99 35 84 41 17 61 63 60 81 27 36 30 17 
9 77 38 3 88 93 86 49 57 63 21 68 16 78 15 7 35 12 37 64 67 29 83 59 59 92 71 41 28 93 47 73 62 53 99 13 89 63 76 50 66 82 17 81 45 57 9 94 56 23 65 49 3 46 
4 33 48 25 89 36 37 35 33 76 25 12 71 60 11 36 81 16 11 15 53 75 47 31 24 0 90 33 82 36 89 91 25 21 90 99 68 87 10 33 80 84 14 24 34 76 23 2 58 4 7 51 69 28 
48 59 30 47 68 11 20 57 67 56 16 53 34 66 25 94 72 57 99 21 42 73 31 44 56 43 65 33 87 41 28 46 63 67 55 29 43 85 3 6 28 77 84 12 87 41 76 73 22 14 54 25 69 76 
84 86 53 66 14 83 27 62 88 15 57 94 90 9 3 22 70 5 27 54 62 38 74 81 97 8 39 84 54 10 95 40 0 28 40 34 8 27 86 97 11 13 68 28 87 56 67 71 39 43 43 19 36 40 
98 89 0 6 9 74 26 75 47 70 14 87 1 97 11 75 89 95 26 20 26 44 7 97 64 83 28 44 53 0 26 21 17 58 89 32 40 74 98 17 82 38 88 23 70 86 88 45 32 32 86 26 49 16 
21 16 54 51 19 83 42 46 87 17 5 83 60 38 10 71 27 14 71 67 20 7 8 72 86 53 18 43 9 89 63 7 26 13 88 22 90 2 39 43 71 81 70 57 16 60 56 69 24 16 91 73 59 24 
20 9 81 81 40 40 40 94 99 17 77 9 55 45 22 43 70 92 75 48 94 55 87 89 83 32 74 18 14 69 65 18 85 52 70 59 66 13 67 9 42 66 22 2 47 27 87 35 9 33 74 34 74 34 
55 43 70 4 60 21 4 35 30 81 87 73 16 79 75 31 22 6 70 86 2 43 47 21 61 82 39 79 48 23 77 77 90 48 97 25 34 48 44 82 26 97 62 28 16 11 28 40 1 4 64 93 56 41 
20 90 52 59 97 28 18 36 1 53 42 96 68 23 81 35 38 7 53 61 6 97 85 25 96 48 39 45 77 63 45 42 62 31 76 71 45 62 36 84 55 18 80 61 15 38 81 22 40 25 7 62 55 59 
44 52 92 42 34 91 24 8 20 53 68 0 85 19 20 19 60 55 83 87 72 13 26 34 24 78 96 45 8 92 22 36 64 84 72 67 96 94 17 32 29 18 11 20 42 0 67 80 36 93 8 52 62 18 
22 31 20 30 75 26 99 67 10 87 1 42 24 38 67 56 36 99 1 98 34 55 53 1 85 6 48 43 51 2 30 30 54 93 65 62 64 69 54 67 27 76 60 17 19 40 17 75 9 93 15 4 99 82 
88 64 14 75 79 64 19 5 84 13 90 76 74 75 0 57 83 3 29 0 76 81 26 32 87 28 17 11 64 44 95 89 76 83 94 17 5 80 45 88 67 17 94 77 15 79 47 59 43 96 12 29 2 79 
76 71 46 15 30 15 95 98 73 3 74 36 1 19 35 16 69 31 45 56 18 46 85 72 96 42 58 22 44 72 36 73 75 17 56 84 2 82 36 31 31 97 4 51 64 96 84 23 15 8 0 75 46 4 
27 18 88 63 5 89 30 89 65 33 32 33 70 22 36 32 16 74 58 94 87 46 57 10 49 29 10 80 38 6 23 75 66 59 51 34 14 64 72 44 67 31 42 19 43 47 36 18 10 83 1 91 27 51 
18 96 69 83 99 9 61 97 95 20 13 21 28 38 25 88 20 29 90 13 71 12 21 33 14 58 71 47 34 95 48 19 46 25 28 19 41 59 74 3 60 73 96 67 20 83 88 49 61 8 78 49 48 88 
39 9 31 1 10 36 98 7 26 14 29 95 3 87 69 58 77 89 45 3 16 70 3 26 66 23 47 22 64 50 64 58 88 42 37 16 87 16 44 46 28 80 39 37 45 71 19 16 86 43 98 67 76 61 
76 47 71 90 15 49 36 53 72 6 18 70 22 85 67 19 42 29 60 32 24 19 19 89 26 8 93 9 40 75 20 76 24 57 10 65 95 98 41 80 56 57 91 47 41 34 86 52 53 7 88 12 57 97 
60 87 43 84 98 19 89 25 13 35 63 37 85 49 69 50 23 85 27 11 17 22 50 29 14 70 8 25 94 22 69 26 44 56 66 16 81 60 19 23 87 35 56 66 58 6 43 15 82 92 18 47 54 38 
41 40 57 56 64 63 56 42 72 20 40 45 47 77 50 25 40 87 1 82 56 40 98 88 43 67 55 79 41 82 79 13 2 21 31 91 45 92 3 2 89 58 3 44 53 42 80 6 94 35 87 95 66 17 
57 2 76 24 98 40 76 15 28 77 54 30 87 37 23 16 47 32 79 0 62 71 60 72 29 75 52 9 65 59 40 54 99 85 43 60 70 34 6 27 9 67 4 93 61 25 89 68 84 9 27 98 92 74 
10 83 31 95 10 64 72 44 36 86 60 57 34 17 27 46 19 1 26 11 75 4 62 87 99 56 30 25 70 16 1 27 29 34 83 79 13 19 84 69 54 31 84 18 75 41 10 42 93 6 38 17 49 2 
93 52 87 3 81 88 45 42 18 68 21 6 53 35 27 72 28 86 19 25 83 52 52 26 94 20 10 57 67 64 33 94 66 31 63 41 1 14 23 68 66 4 88 2 78 39 70 90 56 28 39 77 41 14 
87 26 95 4 14 83 4 93 60 34 42 80 55 48 17 74 4 47 90 15 92 90 88 59 5 65 61 65 46 62 97 9 35 83 18 36 31 76 44 92 36 29 65 36 97 37 83 65 60 73 61 86 69 56 
19 2 36 12 38 55 7 37 25 85 4 11 22 78 74 31 92 89 87 59 66 25 27 47 61 19 39 7 84 24 29 1 9 17 23 33 39 70 3 30 51 34 23 5 36 89 98 36 89 44 99 88 77 77 
45 23 85 71 9 57 86 17 50 24 57 20 46 43 45 17 9 64 65 75 90 53 71 17 5 56 45 80 10 56 10 76 61 4 9 47 67 91 11 10 72 6 95 15 30 94 7 16 2 63 93 10 31 74 
96 83 0 99 69 86 83 90 78 76 53 3 62 89 36 86 36 42 76 22 66 93 33 14 62 43 42 64 8 17 65 62 69 2 27 28 25 46 99 92 53 31 89 99 48 6 88 96 56 85 6 18 4 40 
41 7 81 42 93 87 70 65 51 48 9 70 77 75 21 44 76 81 5 96 79 46 55 14 83 90 23 99 94 42 27 2 17 97 16 94 86 63 63 41 36 68 85 84 83 34 93 83 43 77 37 68 53 76 
7 44 9 41 26 53 15 35 28 64 65 0 56 14 2 89 67 95 69 66 56 62 89 2 28 4 61 84 82 98 83 62 76 1 22 3 52 34 94 8 43 57 98 88 65 59 28 68 62 17 39 30 59 63 
10 70 52 47 89 14 18 86 2 95 86 85 35 14 54 90 59 10 96 99 22 61 29 43 33 89 39 4 27 28 64 48 15 35 31 24 87 16 45 8 94 68 20 12 22 20 55 65 69 97 35 32 71 43 
46 84 85 99 76 40 4 76 18 50 43 36 3 79 39 32 93 52 27 37 92 42 5 35 80 60 65 72 92 29 47 74 20 9 15 35 71 44 25 90 2 74 99 98 18 59 97 19 45 59 24 1 36 66 
75 17 8 30 34 63 87 25 44 50 86 67 44 36 54 41 12 46 43 64 31 48 9 85 30 57 10 76 74 25 42 6 64 28 79 67 33 16 44 86 41 47 16 69 36 47 91 91 65 56 22 94 87 48 
25 9 76 98 58 84 73 96 48 4 88 22 86 20 6 36 14 14 38 34 27 39 22 83 19 54 86 0 50 26 2 98 80 39 37 22 21 22 52 62 19 32 24 5 60 96 41 45 63 54 36 85 34 89 
15 29 42 58 64 46 31 11 69 3 91 54 60 26 98 17 4 77 55 12 42 72 98 99 57 27 41 58 21 37 62 40 71 21 80 46 80 94 90 77 95 2 57 27 33 68 77 16 28 34 8 18 4 18 
31 42 71 93 2 26 27 63 34 34 57 58 37 40 77 28 6 69 65 84 36 86 56 5 6 24 81 64 46 19 97 49 79 19 58 44 32 53 25 29 34 90 62 56 93 62 39 49 96 46 71 41 23 83 
30 70 95 31 51 8 21 51 29 20 63 28 55 87 80 81 63 96 43 37 58 0 96 4 90 99 95 12 40 16 49 18 73 53 45 28 74 33 96 2 76 15 38 13 62 19 2 28 69 45 48 69 68 6 
13 28 62 63 59 47 14 58 16 54 47 68 86 20 33 21 53 15 35 33 85 56 22 44 10 66 55 86 61 93 25 37 70 64 68 38 5 44 50 90 78 36 23 33 61 9 8 52 70 36 12 28 27 35 
24 60 28 25 45 61 43 73 33 58 21 69 42 54 12 26 55 0 65 60 89 18 43 17 89 47 45 19 41 43 68 97 60 10 99 99 40 8 10 62 19 60 68 99 62 24 77 81 99 45 51 94 69 17 
47 63 50 21 56 40 85 46 25 23 9 52 69 61 71 81 89 23 12 40 49 50 55 93 19 22 11 85 73 94 75 96 49 8 44 55 4 21 44 37 1 23 92 82 49 19 18 38 92 44 84 1 45 85 
45 63 98 16 2 7 39 27 8 97 82 23 90 25 69 52 10 72 69 71 89 21 14 89 45 73 15 37 22 0 44 54 60 28 31 91 25 4 77 42 7 78 30 52 49 74 99 82 47 75 56 23 72 29 
33 74 80 65 39 47 75 24 62 55 45 70 5 55 12 88 47 83 95 62 79 35 89 98 74 47 44 74 66 65 64 21 79 28 71 77 92 21 70 6 3 49 86 83 13 1 38 85 16 69 70 16 91 73 
21 54 50 75 87 9 12 51 69 25 26 45 27 35 41 47 64 25 43 3 85 81 22 64 72 54 66 54 91 42 86 65 98 2 19 85 38 20 57 28 1 71 71 57 99 26 94 62 5 98 69 51 45 14 
16 76 2 53 8 60 67 91 59 15 24 57 53 3 0 67 78 28 2 52 98 98 34 97 4 73 85 44 3 15 18 5 28 66 3 98 77 32 76 54 10 95 74 28 23 59 97 14 46 28 20 18 63 22 
22 26 94 92 95 8 48 8 36 85 34 8 20 18 90 30 52 17 24 98 29 10 39 30 53 54 77 55 0 9 26 46 75 80 20 91 76 42 47 49 79 12 88 68 88 41 28 73 57 31 56 7 21 32 
31 59 25 1 88 9 58 48 38 46 31 51 99 15 83 97 17 44 96 41 44 94 93 82 29 91 89 20 59 6 89 1 28 92 91 12 35 47 50 40 57 22 15 39 50 75 30 85 66 91 41 16 34 49 
89 21 18 22 15 88 68 56 94 74 94 7 77 87 96 68 35 21 38 66 0 48 30 39 98 91 19 7 76 64 45 56 28 27 83 42 64 15 3 16 8 66 66 85 54 95 5 68 38 17 52 9 81 78 
B
52 83 78 80 60 4 80 42 5 72 39 12 65 95 93 3 79 95 63 84 67 49 57 35 7 76 3 57 53 94 55 91 60 65 29 96 59 98 96 8 68 75 24 84 50 64 26 46 24 72 61 6 67 45 
68 39 74 75 49 59 92 61 61 65 31 19 55 41 44 47 36 39 80 24 72 26 78 33 35 60 50 43 82 26 66 10 46 6 64 97 20 45 13 86 38 16 17 88 69 2 32 5 57 3 16 80 62 25 
25 4 85 52 26 31 75 6 90 97 18 48 8 57 67 91 71 2 91 14 59 20 70 8 5 6 57 28 1 97 24 30 50 99 17 70 7 48 64 3 62 22 64 93 58 87 23 36 94 69 30 97 68 28 
96 79 64 0 45 91 58 1 39 88 35 34 97 86 77 83 85 36 17 96 92 65 51 68 79 68 61 27 73 27 89 18 52 34 24 65 58 6 48 99 82 72 58 27 19 40 65 31 9 2 68 33 26 80 
66 31 13 84 38 55 83 70 20 84 90 46 87 17 95 78 58 8 15 93 21 96 66 8 86 24 49 20 92 75 79 27 4 80 38 80 19 2 88 8 8 42 21 66 84 66 96 19 24 18 18 4 26 78 
3 14 25 66 36 36 43 43 21 96 80 67 53 35 9 40 76 67 39 38 50 30 19 78 9 49 87 24 97 21 46 45 60 34 36 6 39 98 90 32 46 56 10 69 24 78 72 65 12 86 81 14 52 99 
87 18 27 45 98 66 6 54 85 17 62 37 34 3 46 7 49 0 49 71 35 5 44 52 52 25 38 48 58 37 4 25 21 90 20 93 69 89 53 66 55 21 46 9 45 61 9 14 72 5 70 70 67 87 
1 29 37 59 48 59 19 24 46 91 82 46 46 70 81 12 28 51 32 90 7 31 13 77 27 8 22 60 61 3 88 40 6 79 31 60 97 70 92 38 1 54 8 13 96 1 78 75 93 77 96 8 57 31 
10 74 1 57 89 69 39 3 76 94 36 71 62 72 73 64 95 99 75 29 76 20 74 52 58 46 24 1 71 91 44 38 45 44 86 20 64 72 30 35 63 32 34 4 62 3 68 91 23 31 97 53 26 95 
60 20 88 34 51 7 44 31 0 6 38 20 3 74 90 40 72 41 36 83 29 88 22 0 51 42 33 50 26 22 70 86 10 26 73 86 80 6 33 55 34 12 76 20 0 22 32 62 52 43 15 13 57 87 
84 20 44 5 75 37 20 14 36 13 84 76 63 35 95 55 68 20 0 97 11 62 76 40 63 2 42 19 25 93 57 42 86 19 53 80 5 79 20 96 0 71 11 24 38 23 90 65 3 46 44 43 71 50 
60 26 13 32 46 47 93 87 14 56 61 33 45 39 94 73 73 42 33 17 86 48 84 36 42 49 72 53 33 51 1 74 36 89 15 79 16 77 47 23 80 26 38 26 40 54 86 38 88 8 53 35 57 74 
0 97 66 2 12 88 35 34 1 8 39 68 33 77 89 67 28 98 39 60 83 89 38 49 81 22 97 67 34 9 84 21 51 47 28 21 23 41 38 30 14 99 46 64 39 48 8 39 11 3 6 69 13 63 
15 92 32 5 55 27 78 6 99 40 75 68 97 57 89 18 95 77 24 47 77 0 97 61 36 59 33 26 9 77 84 32 12 95 7 15 31 31 31 71 78 81 44 30 9 7 86 35 84 53 8 53 43 25 
23 67 87 90 93 40 22 10 51 8 27 2 17 89 97 52 70 48 70 91 92 65 15 86 26 42 35 72 37 36 17 18 96 4 24 52 52 68 63 5 24 54 18 61 22 30 0 81 99 97 86 97 94 83 
4 99 77 45 7 9 35 20 91 69 78 34 20 24 89 66 96 88 14 20 96 52 75 71 97 34 26 30 41 73 87 38 83 73 2 22 4 27 91 10 8 26 55 38 21 96 36 7 19 95 40 28 29 11 
79 2 8 65 35 10 29 90 29 17 14 65 55 74 90 76 24 13 81 10 89 76 41 59 6 5 74 33 96 82 97 22 10 69 80 71 86 66 66 0 80 32 86 59 34 96 21 47 11 53 82 89 62 63 
6 45 82 75 14 7 40 52 49 33 93 52 90 15 87 18 70 39 59 12 2 38 60 7 90 51 99 50 74 34 59 36 62 6 80 98 42 80 21 4 59 61 71 81 93 42 65 58 2 94 10 56 48 22 
18 94 99 58 45 17 66 77 56 79 48 9 65 91 51 33 76 48 93 8 73 54 47 63 6 53 55 71 54 68 81 1 46 62 86 47 39 93 6 51 37 44 45 48 13 91 76 89 95 74 70 67 42 58 
14 36 32 65 92 65 62 37 44 92 57 43 62 74 0 74 41 80 26 23 51 22 63 9 67 65 31 74 82 43 3 1 62 97 13 8 21 0 50 2 10 49 63 76 27 3 13 49 72 63 39 67 15 95 
47 42 18 37 12 82 57 14 27 20 56 59 55 7 6 68 39 67 43 96 24 35 41 50 69 20 34 41 59 70 10 23 61 21 53 44 53 8 39 10 66 10 0 5 27 33 43 37 4 48 27 8 35 70 
65 50 77 29 5 13 36 70 7 42 22 34 89 54 28 1 9 13 69 67 54 92 61 80 92 51 22 22 45 54 66 78 13 17 99 92 43 40 85 95 38 89 2 77 90 8 20 37 61 0 35 36 21 52 
97 74 82 55 76 96 53 17 72 95 71 98 26 87 68 57 77 23 67 86 4 95 56 42 4 92 37 8 72 59 46 12 99 76 4 7 99 98 49 2 0 36 30 65 79 4 57 1 93 56 94 98 20 74 
50 71 54 53 48 51 29 14 92 52 11 77 26 76 6 68 3 24 99 43 42 82 73 82 30 99 38 47 16 13 34 49 61 99 8 53 22 11 86 61 25 33 84 15 12 22 57 95 20 48 82 46 23 94 
45 90 11 0 90 24 79 31 0 49 9 79 99 32 36 11 25 6 74 71 4 48 10 53 25 74 23 90 67 10 94 15 18 59 75 39 6 7 25 97 99 8 21 99 15 98 0 86 1 31 54 61 81 49 
24 22 97 30 17 36 79 34 65 86 36 9 23 53 58 40 45 69 5 81 70 82 72 47 8 38 43 59 15 72 89 98 27 47 97 13 14 61 2 32 50 7 48 84 90 26 77 58 59 4 61 44 23 89 
42 86 30 94 57 59 94 87 22 15 5 37 38 97 1 23 16 66 44 70 81 65 25 97 29 74 67 62 56 77 1 59 65 68 56 9 26 82 6 95 45 15 32 68 76 61 11 50 29 73 99 59 48 42 
68 38 5 32 74 76 81 13 52 5 85 21 57 1 75 80 36 87 18 20 83 25 61 58 40 64 29 37 99 23 76 86 86 42 73 7 22 56 76 87 84 54 14 9 18 33 59 69 4 72 14 39 22 90 
52 94 15 82 3 37 12 48 65 10 64 49 68 57 29 0 50 92 64 39 15 59 61 61 79 13 58 33 98 11 41 61 42 71 69 14 21 35 31 63 36 76 6 98 87 16 42 34 50 18 25 92 78 96 
99 29 78 9 65 87 17 59 13 4 33 97 1 44 65 33 74 89 92 15 24 2 55 57 21 64 17 31 86 27 93 32 89 0 52 32 37 14 50 90 44 81 9 58 93 91 52 68 51 16 70 15 65 36 
18 27 58 64 2 23 32 83 85 51 98 20 90 95 80 21 41 57 48 18 88 16 83 68 43 3 33 50 13 93 57 37 49 60 73 12 54 28 15 50 43 77 74 4 48 13 28 32 29 12 64 57 61 14 
19 6 28 52 64 97 37 27 46 36 28 74 39 74 64 40 50 64 93 17 57 40 32 34 42 16 56 91 52 88 33 97 90 50 24 21 52 47 7 68 50 90 87 70 75 76 12 38 94 34 40 36 51 92 
56 70 41 85 36 9 76 57 2 48 20 95 39 7 57 90 54 17 61 94 82 84 60 29 87 10 63 24 44 74 49 0 60 45 66 22 38 60 61 79 52 99 5 6 93 94 76 24 71 36 65 1 76 92 
12 44 52 29 84 33 61 71 53 84 42 0 57 51 83 86 5 49 77 6 56 74 50 73 96 55 33 64 44 26 47 57 6 7 39 34 46 78 14 50 9 12 69 2 61 74 21 3 50 81 20 17 26 16 
25 86 17 25 48 69 66 38 70 84 87 73 33 73 17 14 45 20 88 41 94 28 83 88 53 5 55 30 34 97 58 52 0 31 39 44 97 23 1 56 4 73 25 26 34 26 8 62 41 2 54 93 31 40 
86 51 75 54 40 96 33 29 14 8 97 93 2 2 28 79 63 25 66 16 98 33 16 18 40 41 73 97 71 5 80 32 80 95 54 7 29 63 37 6 71 51 22 92 62 74 11 0 36 97 17 53 56 36 
57 88 13 84 90 44 28 57 24 84 3 3 48 0 6 22 17 22 40 31 13 91 16 8 44 35 42 43 59 27 61 94 77 61 94 58 49 81 79 69 27 18 51 88 40 81 28 27 45 7 19 53 19 95 
98 15 15 30 66 12 73 83 0 19 23 31 28 40 68 17 94 42 86 76 94 21 17 74 49 73 82 85 61 0 76 88 38 85 7 59 91 87 3 73 58 3 35 84 39 37 52 72 0 98 48 5 41 31 
85 94 51 32 63 82 73 0 53 74 87 49 24 74 79 20 77 61 77 10 14 39 6 98 53 46 25 82 93 33 95 34 46 34 37 88 96 44 32 2 51 49 9 27 67 77 67 32 95 18 70 80 43 69 
98 34 51 23 61 11 46 89 54 45 89 50 19 89 38 6 34 98 49 76 36 75 47 22 23 79 68 37 78 13 75 12 31 34 98 62 1 59 79 48 47 16 22 77 45 59 80 40 63 23 62 12 85 49 
28 76 86 80 66 82 68 25 85 46 64 26 25 60 11 32 18 54 26 60 33 93 96 2 83 71 30 6 10 5 46 41 55 67 85 76 87 89 88 12 77 47 82 89 74 53 77 96 26 60 42 49 38 0 
78 34 98 94 99 26 16 55 85 67 96 36 7 90 89 74 58 50 0 29 17 19 55 93 21 57 84 48 16 46 97 79 89 64 54 73 76 60 50 66 53 31 77 82 62 27 62 36 66 51 77 14 12 81 
42 11 65 85 70 48 51 11 90 82 32 74 22 93 19 91 46 81 70 97 93 9 11 54 91 16 1 3 97 9 56 79 73 12 93 14 15 80 0 97 41 68 99 25 94 40 93 36 73 77 72 69 41 65 
5 44 65 90 45 71 67 3 24 44 93 48 19 58 72 78 55 64 53 74 94 9 3 36 73 79 44 94 67 59 47 31 62 97 82 90 92 73 59 46 89 13 71 71 20 63 92 68 0 83 4 20 90 62 
40 1 44 11 45 52 64 31 98 2 23 60 59 43 89 70 98 40 87 9 81 24 45 36 88 1 38 11 96 6 25 85 65 61 58 44 29 82 62 53 35 26 43 81 55 94 44 43 80 41 94 13 28 61 
97 88 47 6 38 3 63 0 69 20 35 98 30 79 32 25 60 21 41 76 3 69 84 95 57 62 19 47 25 8 83 88 59 29 17 86 91 8 31 1 85 44 98 96 93 28 21 5 16 36 37 35 11 88 
29 22 37 12 93 60 33 27 0 10 38 6 55 97 94 73 97 59 73 10 16 13 99 54 6 14 97 12 90 7 35 85 37 23 50 58 14 79 21 1 18 78 75 55 52 55 43 59 53 8 97 44 20 63 
11 37 66 12 72 22 8 1 2 84 78 29 42 90 89 24 82 67 16 98 7 91 61 89 1 53 75 12 37 68 55 17 14 10 16 18 75 95 4 39 53 46 22 13 88 2 14 76 72 96 28 92 87 68 
49 21 81 92 63 85 41 12 51 67 55 65 38 93 44 85 57 75 51 91 99 91 40 76 58 14 79 5 44 21 33 17 72 34 51 96 96 45 50 42 60 18 96 1 58 9 62 97 32 5 41 50 7 79 
34 86 20 62 70 89 74 9 23 58 99 13 51 79 40 69 51 92 4 69 3 7 1 74 13 88 96 27 83 16 15 5 66 86 44 29 77 69 8 27 92 99 25 96 32 64 58 69 84 16 42 88 4 82 
64 99 69 8 97 91 56 88 55 60 57 6 87 18 30 29 31 85 72 96 27 30 14 45 33 25 65 76 31 91 33 87 77 1 22 51 40 64 61 51 19 9 62 16 8 69 59 4 35 65 8 57 8 35 
59 55 58 40 46 66 53 35 63 45 13 8 44 63 29 66 94 4 47 52 68 86 64 22 1 19 28 48 98 54 92 39 65 49 62 92 63 65 80 75 25 9 79 56 8 14 86 30 94 32 50 72 25 27 
6 70 75 33 2 94 12 35 44 51 76 27 99 7 25 24 27 47 73 82 93 69 72 50 17 31 90 58 46 51 64 34 59 36 18 10 53 78 88 36 4 22 18 30 22 57 54 41 26 60 8 61 62 62 
30 81 86 97 58 7 70 75 14 41 78 64 82 11 44 97 60 97 86 33 29 66 67 48 12 3 25 0 94 86 78 96 29 22 28 25 73 95 97 97 33 83 3 18 86 80 21 15 55 74 0 26 97 66 
